最終更新, 2020/3/8 1:50,
日付,小計,累計
2020-02-14T08:00:00.000Z,1,1
2020-02-15T08:00:00.000Z,0,1
2020-02-16T08:00:00.000Z,0,1
2020-02-17T08:00:00.000Z,0,1
2020-02-18T08:00:00.000Z,0,1
2020-02-19T08:00:00.000Z,0,1
2020-02-20T08:00:00.000Z,0,1
2020-02-21T08:00:00.000Z,0,1
2020-02-22T08:00:00.000Z,0,1
2020-02-23T08:00:00.000Z,0,1
2020-02-24T08:00:00.000Z,0,1
2020-02-25T08:00:00.000Z,0,1
2020-02-26T08:00:00.000Z,0,1
2020-02-27T08:00:00.000Z,0,1
2020-02-28T08:00:00.000Z,1,2
2020-02-29T08:00:00.000Z,1,3
2020-03-01T08:00:00.000Z,5,8
2020-03-02T08:00:00.000Z,4,12
2020-03-03T08:00:00.000Z,9,21
2020-03-04T08:00:00.000Z,1,22
2020-03-05T08:00:00.000Z,4,26
2020-03-06T08:00:00.000Z,6,32
2020-03-07T08:00:00.000Z,0,32
